    1   1   2  0.19589    
    2   1   2  0.13878    
    1   2   2  0.19589    
    2   2   2  0.13878    
    1   3   2  0.19571    
    2   3   2  0.13882    
    1   4   2  0.19535    
    2   4   2  0.13890    
    1   5   2  0.19481    
    2   5   2  0.13904    
    1   6   2  0.19417    
    2   6   2  0.13925    
    1   7   2  0.19337    
    2   7   2  0.13953    
    1   8   2  0.19245    
    2   8   2  0.13991    
    1   9   2  0.19144    
    2   9   2  0.14039    
    1  10   2  0.19037    
    2  10   2  0.14101    
