  210  20   2  0.34820E-05
  211  20   2  0.33843E-05
  212  20   2  0.33377E-05
  213  20   2  0.34555E-05
  214  20   2  0.36014E-05
  215  20   2  0.35579E-05
  216  20   2  0.34794E-05
  217  20   2  0.33912E-05
  218  20   2  0.33011E-05
  219  20   2  0.32106E-05
  220  20   2  0.31185E-05
  221  20   2  0.30227E-05
  222  20   2  0.29318E-05
  223  20   2  0.28420E-05
  224  20   2  0.27678E-05
  225  20   2  0.26908E-05
  226  20   2  0.26122E-05
  227  20   2  0.25275E-05
  228  20   2  0.24340E-05
  229  20   2  0.23303E-05
  230  20   2  0.22143E-05
  231  20   2  0.20876E-05
  232  20   2  0.19526E-05
  233  20   2  0.18157E-05
  234  20   2  0.16825E-05
  235  20   2  0.15561E-05
  236  20   2  0.14389E-05
  237  20   2  0.13278E-05
  238  20   2  0.12218E-05
  239  20   2  0.11206E-05
  240  20   2  0.10233E-05
  241  20   2  0.93062E-06
  242  20   2  0.84441E-06
  243  20   2  0.76344E-06
  244  20   2  0.69025E-06
  245  20   2  0.62173E-06
  246  20   2  0.55952E-06
  247  20   2  0.50067E-06
  248  20   2  0.44909E-06
  249  20   2  0.40040E-06
  250  20   2  0.35977E-06
  251  20   2  0.31893E-06
  252  20   2  0.28326E-06
  253  20   2  0.25053E-06
  254  20   2  0.21982E-06
  255  20   2  0.19864E-06
  256  20   2  0.17799E-06
  257  20   2  0.15834E-06
  258  20   2  0.13989E-06
  259  20   2  0.12369E-06
  260  20   2  0.10942E-06
  261  20   2  0.96799E-07
  262  20   2  0.85874E-07
  263  20   2  0.76200E-07
  264  20   2  0.67712E-07
  265  20   2  0.60232E-07
  266  20   2  0.53442E-07
  267  20   2  0.47544E-07
  268  20   2  0.42175E-07
  269  20   2  0.37478E-07
  270  20   2  0.33320E-07
  271  20   2  0.29514E-07
  272  20   2  0.26247E-07
  273  20   2  0.23213E-07
  274  20   2  0.20568E-07
  275  20   2  0.18195E-07
  276  20   2  0.16064E-07
  277  20   2  0.14163E-07
  278  20   2  0.12581E-07
  279  20   2  0.11116E-07
  280  20   2  0.99494E-08
  281  20   2  0.87684E-08
  282  20   2  0.77913E-08
  283  20   2  0.67213E-08
  284  20   2  0.57318E-08
  285  20   2  0.49248E-08
  286  20   2  0.40889E-08
  287  20   2  0.34533E-08
  288  20   2  0.28713E-08
  289  20   2  0.24319E-08
  290  20   2  0.23031E-08
  291  20   2  0.24325E-08
  292  20   2  0.30767E-08
  293  20   2  0.49961E-08
  294  20   2  0.88974E-08
  295  20   2  0.13527E-07
  296  20   2  0.15882E-07
  297  20   2  0.34750E-07
  298  20   2  0.96681E-06
  299  20   2  0.14598E-03
  300  20   2  0.35043E-03
  301  20   2  0.37041E-03
  302  20   2  0.35713E-03
  303  20   2  0.33719E-03
  304  20   2  0.32633E-03
  305  20   2  0.31815E-03
  306  20   2  0.30856E-03
  307  20   2  0.29750E-03
  308  20   2  0.28736E-03
  309  20   2  0.27920E-03
  310  20   2  0.27259E-03
  311  20   2  0.26703E-03
  312  20   2  0.26210E-03
  313  20   2  0.25760E-03
  314  20   2  0.25319E-03
  315  20   2  0.24861E-03
  316  20   2  0.24375E-03
  317  20   2  0.23859E-03
  318  20   2  0.23314E-03
  319  20   2  0.22735E-03
  320  20   2  0.22162E-03
  321  20   2  0.21611E-03
  322  20   2  0.21078E-03
  323  20   2  0.20560E-03
  324  20   2  0.20062E-03
  325  20   2  0.19586E-03
  326  20   2  0.19137E-03
  327  20   2  0.18709E-03
  328  20   2  0.18305E-03
  329  20   2  0.17924E-03
  330  20   2  0.17562E-03
  331  20   2  0.17219E-03
  332  20   2  0.16899E-03
  333  20   2  0.16585E-03
  334  20   2  0.16301E-03
  335  20   2  0.16032E-03
  336  20   2  0.15765E-03
  337  20   2  0.15522E-03
  338  20   2  0.15289E-03
  339  20   2  0.15061E-03
  340  20   2  0.14854E-03
  341  20   2  0.14659E-03
  342  20   2  0.14469E-03
  343  20   2  0.14291E-03
  344  20   2  0.14122E-03
  345  20   2  0.13963E-03
  346  20   2  0.13808E-03
  347  20   2  0.13661E-03
  348  20   2  0.13520E-03
  349  20   2  0.13383E-03
  350  20   2  0.13253E-03
  351  20   2  0.13131E-03
  352  20   2  0.13009E-03
  353  20   2  0.12889E-03
  354  20   2  0.12776E-03
  355  20   2  0.12659E-03
  356  20   2  0.12579E-03
  357  20   2  0.12470E-03
  358  20   2  0.12349E-03
  359  20   2  0.12308E-03
  360  20   2  0.12246E-03
  361  20   2  0.12179E-03
  362  20   2  0.12115E-03
  363  20   2  0.12058E-03
  364  20   2  0.12004E-03
  365  20   2  0.11964E-03
  366  20   2  0.11930E-03
  367  20   2  0.11895E-03
  368  20   2  0.11858E-03
  369  20   2  0.11822E-03
  370  20   2  0.11785E-03
  371  20   2  0.11749E-03
  372  20   2  0.11713E-03
  373  20   2  0.11681E-03
  374  20   2  0.11650E-03
  375  20   2  0.11623E-03
  376  20   2  0.11596E-03
  377  20   2  0.11580E-03
  378  20   2  0.11568E-03
  379  20   2  0.11566E-03
  380  20   2  0.11565E-03
